2 0 0
1.990369 0.3826835 0.1960343
1.961571 0.7071068 0.3901806
1.913881 0.9238796 0.5805694
1.847759 1 0.7653669
1.763842 0.9238795 0.9427935
1.662939 0.7071067 1.11114
1.546021 0.3826834 1.268787
1.414214 0 1.414214
1.268787 -0.3826835 1.546021
1.11114 -0.7071068 1.662939
0.9427934 -0.9238796 1.763843
0.7653668 -1 1.847759
0.5805693 -0.9238795 1.913881
0.3901806 -0.7071066 1.961571
0.1960342 -0.3826833 1.990369
0 0 2
-0.1960344 0.3826836 1.990369
-0.3901807 0.7071069 1.961571
-0.5805694 0.9238796 1.913881
-0.765367 1 1.847759
-0.9427935 0.9238794 1.763842
-1.111141 0.7071066 1.662939
-1.268787 0.3826832 1.546021
-1.414214 0 1.414213
-1.546021 -0.3826837 1.268786
-1.662939 -0.707107 1.11114
-1.763843 -0.9238796 0.9427934
-1.847759 -1 0.7653667
-1.913881 -0.9238794 0.5805692
-1.961571 -0.7071065 0.3901805
-1.990369 -0.3826831 0.1960341
-2 0 0
-1.990369 0.3826838 -0.1960345
-1.961571 0.7071071 -0.3901808
-1.913881 0.9238797 -0.5805696
-1.847759 1 -0.765367
-1.763842 0.9238794 -0.9427937
-1.662939 0.7071065 -1.111141
-1.546021 0.382683 -1.268787
-1.414213 0 -1.414214
-1.268786 -0.3826838 -1.546021
-1.11114 -0.7071071 -1.662939
-0.9427933 -0.9238797 -1.763843
-0.7653666 -1 -1.847759
-0.5805691 -0.9238793 -1.913881
-0.3901804 -0.7071064 -1.961571
-0.196034 -0.3826829 -1.990369
0 0 -2
0.1960346 0.3826839 -1.990369
0.3901809 0.7071072 -1.961571
0.5805696 0.9238797 -1.913881
0.7653672 1 -1.847759
0.9427937 0.9238793 -1.763842
1.111141 0.7071064 -1.662939
1.268787 0.3826829 -1.546021
1.414214 0 -1.414213
1.546021 -0.382684 -1.268786
1.662939 -0.7071072 -1.11114
1.763843 -0.9238798 -0.9427932
1.847759 -1 -0.7653666
1.913881 -0.9238793 -0.580569
1.961571 -0.7071063 -0.3901803
1.990369 -0.3826828 -0.1960339